A	 = 5.08e+10,
C0	 = 1.0,
Cpa	 = 1341.0,
E	 = 1.57e+05,
Hp	 = 788000.0,
K	 = 1000.0,
Value	 = 0.025524739383069962,
eps	 = 0.8,
ka	 = 0.233969,
n	 = 0.91,
nO2	 = 0.0,
rho	 = 1189.37,
