A	 = 5.46e+10,
C0	 = 1.0,
Cpa	 = 2157.2941894876394,
E	 = 1.57e+05,
Hp	 = 770926.0150788678,
K	 = 986.303450009692,
Value	 = 1.1956993935072214e-07,
eps	 = 0.9256579735982384,
ka	 = 0.19467735249875961,
n	 = 1.020541881241046,
nO2	 = 0.0,
rho	 = 1180.0,
