A	 = 2.03e+11,
C0	 = 1.0,
Cpa	 = 1529.0046608979203,
E	 = 1.41e+05,
Hp	 = 448837.55323263176,
K	 = 542.522736144191,
Value	 = 7.66873780250049e-06,
eps	 = 0.41709522129760046,
ka	 = 0.10163591191007676,
n	 = 3.3557125377767405,
nO2	 = 0.0,
rho	 = 1180.0,
