A	 = 4.71e+11,
C0	 = 1.0,
Cpa	 = 1335.246936816844,
E	 = 1.67e+05,
Hp	 = 790945.4900720331,
K	 = 944.3163413606828,
Value	 = 2.0921924744548225e-05,
eps	 = 0.7844723542634287,
ka	 = 0.2315154032449216,
n	 = 0.732806156117586,
nO2	 = 0.0,
rho	 = 1189.37,
