A	 = 3.55e+12,
C0	 = 1.0,0.0,
Cpa	 = 3278.699939439264,1850.9532541654419,
E	 = 1.30e+05,
Hp	 = 192076.7154341692,
K	 = 15807.079433098479,0.0,
Value	 = 1.345257997220656e-06,
eps	 = 0.612423301809614,0.6629195607278316,
ka	 = 0.6127463095391954,0.33543379781633703,
n	 = 1.4379483534095847,
nO2	 = 0.0,
rho	 = 1683.0,1235.0,
