A	 = 2.41e+12,
C0	 = 1.0,0.0,
Cpa	 = 1442.228288934517,1175.8439030188608,
E	 = 1.81e+05,
Hp	 = 94332.10828989535,
K	 = 9248.365238896156,0.0,
Value	 = 2.17135238267508e-08,
eps	 = 0.9052626702518234,0.8958213677429699,
ka	 = 0.28932472942053167,0.19288956836300816,
n	 = 0.9792388443079852,
nO2	 = 0.0,
rho	 = 1683.0,1235.0,
